ID               Length (bp)      GC%
--------------------------------------
NC_004325.2          640,851    20.50
NC_037280.1          947,102    19.75
NC_000521.4        1,067,971    20.06
NC_004318.2        1,200,490    20.51
NC_004326.2        1,343,557    19.33
NC_004327.3        1,418,242    19.79
NC_004328.3        1,445,207    19.85
NC_004329.3        1,472,805    19.57
NC_004330.2        1,541,735    19.02
NC_037281.1        1,687,656    19.64
NC_037282.1        2,038,340    18.99
NC_037284.1        2,271,494    19.30
NC_004331.3        2,925,236    18.95
NC_037283.1        3,291,936    18.44
